
6221776433784277663 2000 1 1 存款100元
6221776433784277663 2000 1 1 取款10元
6222600260001072125 2001 3 1 利息结算18.53元
6222600260001072123 2000 1 1 取款10000元
6222600260001072125 2001 3 1 存款1元
6222600260001072125 2001 3 1 取款3元
6222600260001072125 2001 3 1 向账户为6222600260001072123的账户转出1.23元
6222600260001072123 2001 3 1 从账户为6222600260001072125的账户转出1.23元
6222600260001072123 2000 1 1 取款100元
6222600260001072123 2000 1 1 取款100元
6222600260001072125 2000 2 1 利息结算18.55元
6222600260001072125 2000 3 1 利息结算18.58元
6222600260001072125 2000 4 1 利息结算18.60元
6222600260001072125 2000 5 1 利息结算18.63元
6222600260001072125 2000 6 1 利息结算18.65元
6222600260001072125 2000 7 1 利息结算18.68元
6222600260001072125 2000 8 1 利息结算18.71元
6222600260001072125 2000 9 1 利息结算18.73元
6222600260001072125 2000 10 1 利息结算18.76元
6222600260001072125 2000 11 1 利息结算18.79元
6222600260001072125 2000 12 1 利息结算18.81元
6222600260001072125 2001 1 1 利息结算18.84元
6222600260001072125 2001 1 1 存款1元